100 850
 0 48.0 45.7
 1 50.5 69.6
 2 42.5 14.3
 3 61.1 51.6
 4 47.8 5.0
 5 41.1 80.7
 6 39.8 94.3
 7 96.2 1.3
 8 41.2 93.6
 9 87.1 17.4
 10 15.7 25.3
 11 81.5 66.7
 12 63.9 14.9
 13 91.5 37.6
 14 69.8 29.2
 15 1.3 90.3
 16 69.8 58.8
 17 24.9 20.7
 18 8.5 76.4
 19 45.1 99.7
 20 63.3 88.1
 21 5.3 75.9
 22 92.2 52.1
 23 77.9 38.6
 24 78.7 31.9
 25 21.8 97.4
 26 98.8 95.8
 27 41.0 37.9
 28 63.5 0.0
 29 29.8 54.0
 30 14.5 7.1
 31 86.1 4.4
 32 94.9 79.7
 33 96.5 75.8
 34 88.9 42.8
 35 83.7 11.6
 36 65.4 16.9
 37 99.8 75.1
 38 66.1 52.9
 39 9.1 72.7
 40 85.3 28.7
 41 31.9 62.6
 42 78.4 85.4
 43 55.4 49.5
 44 70.3 10.0
 45 50.4 3.1
 46 22.4 99.6
 47 85.7 3.9
 48 15.5 84.6
 49 31.0 23.0
 50 17.8 69.3
 51 63.2 23.3
 52 17.2 58.4
 53 58.9 7.5
 54 17.7 20.2
 55 1.4 70.4
 56 40.1 92.0
 57 46.6 99.3
 58 5.7 10.5
 59 85.0 76.3
 60 67.6 98.1
 61 31.2 65.7
 62 52.9 75.3
 63 18.4 6.0
 64 67.5 94.9
 65 85.3 59.9
 66 52.8 34.9
 67 93.6 77.7
 68 66.9 55.8
 69 96.1 43.2
 70 78.6 61.9
 71 64.6 62.9
 72 7.5 37.1
 73 4.0 83.8
 74 96.9 20.1
 75 28.3 4.2
 76 15.8 57.8
 77 7.4 80.0
 78 14.2 43.0
 79 28.8 26.4
 80 60.9 2.3
 81 57.2 80.9
 82 13.7 73.7
 83 12.8 99.5
 84 0.3 16.5
 85 45.6 68.4
 86 22.8 22.7
 87 53.1 12.5
 88 59.2 62.2
 89 17.6 91.2
 90 30.6 55.6
 91 74.9 54.0
 92 51.5 88.6
 93 72.5 76.1
 94 3.0 84.3
 95 12.2 14.8
 96 1.6 89.5
 97 36.5 70.9
 98 20.4 60.4
 99 9.0 44.9
 83 93
 23 47
 38 82
 36 94
 23 37
 37 83
 5 38
 48 75
 12 43
 25 59
 53 86
 5 88
 69 97
 42 64
 21 86
 2 65
 6 82
 4 44
 5 97
 36 71
 29 35
 28 68
 32 99
 19 75
 81 87
 1 7
 41 88
 60 86
 67 77
 79 93
 44 61
 10 82
 55 92
 20 60
 2 24
 27 74
 9 38
 46 49
 35 90
 10 32
 44 88
 7 30
 3 63
 23 42
 6 95
 4 39
 46 71
 19 43
 56 60
 59 60
 68 89
 21 81
 52 55
 65 66
 1 66
 84 96
 1 84
 35 45
 43 62
 9 65
 13 82
 27 42
 12 97
 5 24
 55 69
 80 97
 42 95
 44 56
 62 87
 5 33
 72 89
 44 65
 11 71
 4 7
 42 77
 88 96
 31 36
 24 87
 14 44
 56 96
 16 29
 58 75
 0 99
 43 71
 24 37
 61 93
 65 79
 36 66
 17 32
 43 98
 19 29
 4 66
 54 70
 22 43
 15 97
 82 94
 70 85
 67 99
 9 51
 21 76
 12 83
 75 89
 10 95
 49 50
 19 97
 43 89
 0 58
 6 13
 48 65
 11 89
 42 45
 59 96
 8 66
 61 75
 10 45
 3 99
 20 23
 13 77
 8 84
 70 99
 47 65
 54 97
 33 79
 23 64
 39 84
 63 81
 22 88
 73 78
 28 49
 8 34
 49 77
 86 88
 51 56
 36 52
 50 71
 38 90
 44 51
 78 98
 16 33
 37 46
 46 98
 22 29
 15 83
 13 45
 6 99
 14 39
 23 50
 37 73
 33 74
 44 78
 53 57
 40 52
 74 99
 58 97
 10 90
 24 50
 11 34
 13 63
 52 77
 10 99
 5 73
 61 70
 10 40
 0 3
 49 72
 21 71
 27 32
 7 52
 66 86
 37 59
 6 8
 6 53
 84 95
 62 82
 17 63
 34 86
 0 80
 20 95
 20 63
 34 68
 21 89
 11 52
 6 35
 18 66
 63 76
 4 47
 7 79
 1 92
 55 95
 7 20
 22 33
 81 90
 58 83
 74 85
 75 79
 89 98
 17 90
 32 48
 60 62
 51 78
 20 72
 25 98
 81 85
 44 73
 9 41
 11 20
 37 68
 22 51
 68 87
 37 86
 16 73
 63 71
 24 63
 6 21
 4 42
 24 72
 4 92
 43 47
 28 39
 20 31
 7 74
 43 74
 14 79
 8 42
 41 86
 4 28
 10 21
 78 92
 32 93
 63 89
 24 40
 27 63
 0 93
 65 96
 26 78
 34 81
 62 95
 24 99
 9 27
 68 69
 33 37
 87 99
 44 68
 9 36
 29 51
 11 15
 20 67
 22 46
 23 99
 62 72
 1 23
 40 60
 12 27
 2 76
 59 90
 16 59
 1 64
 31 66
 27 90
 25 52
 45 80
 2 49
 20 26
 29 78
 62 99
 1 5
 66 94
 15 86
 58 73
 26 73
 1 82
 63 84
 36 64
 59 67
 0 29
 9 81
 27 58
 94 99
 51 68
 47 86
 2 17
 3 70
 7 87
 14 42
 43 96
 31 34
 82 92
 30 58
 12 81
 13 93
 47 54
 2 94
 41 49
 67 97
 5 17
 34 89
 19 27
 20 80
 0 6
 20 21
 46 69
 66 89
 31 52
 13 16
 6 70
 1 77
 27 53
 49 88
 79 81
 20 93
 61 91
 5 84
 70 88
 15 81
 0 24
 78 87
 1 45
 16 22
 42 70
 62 85
 36 50
 11 64
 10 70
 20 48
 49 93
 23 80
 29 41
 28 92
 2 39
 22 36
 73 94
 71 95
 10 88
 4 77
 57 92
 2 7
 58 86
 1 99
 22 44
 68 95
 16 49
 34 98
 18 28
 36 77
 34 39
 29 59
 37 71
 18 37
 22 54
 8 77
 62 80
 3 33
 33 90
 36 95
 2 57
 37 98
 25 96
 72 77
 76 94
 23 43
 36 45
 77 88
 97 99
 53 55
 33 72
 45 88
 18 55
 65 99
 50 64
 5 89
 19 49
 45 97
 64 91
 13 97
 16 44
 5 39
 72 95
 15 17
 41 57
 18 82
 65 90
 4 90
 1 67
 15 62
 16 94
 59 75
 4 13
 8 13
 42 83
 87 93
 5 15
 26 81
 63 92
 28 60
 2 25
 44 71
 25 37
 46 50
 49 65
 37 66
 29 81
 41 79
 38 73
 9 66
 63 69
 31 42
 73 84
 13 33
 11 45
 46 95
 36 58
 34 52
 76 89
 24 61
 8 72
 32 73
 60 87
 54 76
 71 72
 16 71
 7 72
 18 50
 55 61
 4 31
 62 75
 3 46
 12 98
 5 25
 30 75
 28 37
 28 82
 28 55
 23 70
 9 34
 55 97
 50 77
 81 83
 8 67
 17 24
 40 67
 59 61
 24 29
 7 40
 87 88
 19 62
 3 73
 43 72
 16 39
 58 94
 27 70
 31 87
 11 99
 4 67
 64 68
 30 43
 15 98
 39 58
 11 90
 44 84
 26 94
 83 89
 53 77
 52 83
 43 90
 14 63
 56 65
 11 31
 59 97
 19 30
 61 76
 10 46
 27 97
 20 24
 46 90
 1 3
 12 34
 67 68
 21 95
 7 85
 18 63
 29 94
 9 79
 43 58
 16 25
 42 73
 54 89
 19 57
 9 20
 14 90
 10 14
 19 66
 15 84
 14 99
 23 33
 74 91
 35 36
 2 42
 68 80
 76 79
 24 51
 18 40
 6 68
 36 80
 9 47
 18 99
 11 26
 53 72
 26 39
 12 20
 78 85
 0 22
 65 93
 30 65
 18 58
 6 86
 18 67
 57 63
 43 53
 77 91
 50 58
 58 66
 53 90
 26 57
 85 99
 17 73
 13 91
 41 87
 10 68
 47 79
 9 92
 14 26
 21 40
 42 86
 16 47
 14 35
 73 92
 29 84
 16 74
 57 90
 9 42
 67 81
 57 99
 33 43
 32 98
 18 26
 27 78
 17 41
 53 67
 26 52
 23 73
 12 15
 5 69
 49 86
 39 75
 34 55
 47 87
 31 72
 57 58
 70 81
 36 93
 17 59
 0 76
 3 49
 35 49
 0 17
 13 86
 27 46
 31 63
 30 78
 57 85
 2 23
 9 28
 88 91
 24 41
 73 96
 74 81
 36 61
 32 44
 58 79
 40 43
 44 60
 17 27
 2 82
 33 38
 10 22
 52 68
 8 70
 11 93
 34 99
 14 48
 40 61
 48 96
 75 93
 0 12
 4 38
 19 42
 17 54
 56 68
 77 81
 34 50
 68 97
 0 71
 53 80
 35 44
 8 11
 29 79
 3 44
 64 98
 0 39
 12 37
 30 91
 37 50
 43 61
 65 83
 76 77
 46 93
 71 88
 78 93
 51 60
 67 71
 32 39
 27 59
 18 75
 24 36
 45 49
 2 18
 50 93
 15 37
 25 48
 13 76
 58 92
 2 95
 67 98
 45 76
 19 87
 9 50
 41 72
 4 24
 12 23
 21 93
 43 56
 86 96
 42 62
 54 87
 72 83
 8 24
 6 89
 70 89
 21 43
 50 61
 20 49
 16 82
 6 98
 2 63
 16 23
 17 76
 79 82
 27 54
 82 97
 26 69
 22 87
 28 48
 28 33
 19 64
 5 63
 3 7
 30 36
 73 95
 54 55
 7 33
 10 89
 43 83
 2 99
 42 89
 32 52
 90 96
 51 82
 53 61
 3 84
 9 45
 29 60
 33 91
 53 70
 34 58
 14 56
 41 63
 57 70
 22 64
 5 99
 8 19
 21 88
 49 62
 25 61
 50 56
 38 84
 66 67
 8 36
 62 81
 69 99
 1 73
 29 87
 27 49
 1 14
 13 98
 14 24
 18 83
 33 41
 16 35
 47 72
 41 85
 50 83
 41 90
 81 98
 17 66
 9 90
 32 47
 49 98
 25 29
 51 77
 0 47
 8 73
 2 26
 11 78
 55 71
 5 58
 62 94
 61 64
 26 32
 39 46
 5 35
 21 65
 30 76
 42 52
 41 67
 63 70
 59 94
 41 58
 23 62
 36 91
 9 58
 16 72
 4 91
 72 91
 44 99
 25 65
 13 84
 36 41
 28 97
 1 86
 55 89
 12 40
 2 3
 21 33
 88 89
 56 89
 2 21
 65 86
 5 53
 9 53
 74 79
 48 99
 34 80
 87 89
 24 98
 63 88
 20 57
 18 19
 21 51
 11 14
 23 39
 14 73
 30 62
 31 38
 42 47
 27 98
 41 53
 61 77
 51 90
 0 60
 83 99
 11 91
 25 51
 59 98
 70 74
 2 48
 47 58
 67 87
 31 56
 48 85
 63 65
 12 35
 6 15
 64 87
 7 9
 32 37
 6 92
 35 60
 41 80
 43 59
 24 25
 75 86
 46 91
 30 89
 19 67
 15 85
 3 10
 30 39
 74 92
 1 49
 83 85
 40 54
 9 48
 60 78
 17 47
 53 73
 0 23
 93 99
 36 49
 16 48
 51 53
 5 43
 32 82
 77 92
 0 32
 2 61
 16 21
 9 75
 38 87
 44 48
 55 79
 2 11
 13 42
 6 96
 33 94
 6 37
 91 92
 74 87
 26 35
 49 92
 10 87
 1 94
 40 49
 52 74
 18 86
 0 50
 19 80
 75 76
 22 93
 23 92
 53 71